       N       E                     dE             d eps       ncg     rms          rms(c)
DAV:   1     0.130594845074E+03    0.13059E+03   -0.51424E+03  1680   0.782E+02
DAV:   2    -0.524158322814E+01   -0.13584E+03   -0.12512E+03  2942   0.156E+02
DAV:   3    -0.211553052062E+02   -0.15914E+02   -0.15734E+02  2292   0.710E+01
DAV:   4    -0.214726762454E+02   -0.31737E+00   -0.31442E+00  2106   0.124E+01
DAV:   5    -0.214810198057E+02   -0.83436E-02   -0.83345E-02  2190   0.189E+00
RMM:   6    -0.214812819346E+02   -0.26213E-03   -0.26213E-03  1728   0.355E-01
RMM:   7    -0.214813111915E+02   -0.29257E-04   -0.29332E-04  2404   0.960E-02
RMM:   8    -0.214813108647E+02    0.32678E-06   -0.64485E-07  1296   0.419E-03
   1 F= -.21481311E+02 E0= -.21481311E+02  d E =-.119781E-08
