       N       E                     dE             d eps       ncg     rms          rms(c)
DAV:   1     0.124359799698E+03    0.12436E+03   -0.47922E+03  3920   0.742E+02
DAV:   2    -0.508266684124E+01   -0.12944E+03   -0.11731E+03  6984   0.152E+02
DAV:   3    -0.204443746826E+02   -0.15362E+02   -0.15162E+02  5332   0.704E+01
DAV:   4    -0.207707487788E+02   -0.32637E+00   -0.32293E+00  5102   0.123E+01
DAV:   5    -0.207791588110E+02   -0.84100E-02   -0.83844E-02  5048   0.187E+00
RMM:   6    -0.207794236845E+02   -0.26487E-03   -0.26487E-03  4067   0.348E-01
RMM:   7    -0.207794562147E+02   -0.32530E-04   -0.32566E-04  5610   0.933E-02
RMM:   8    -0.207794557838E+02    0.43086E-06   -0.14585E-06  3165   0.468E-03
   1 F= -.20779456E+02 E0= -.20779456E+02  d E =-.169094E-08
